
----------------------------------------------- 
mow_id
20140200
20140100
20191000
20260100
20251000
20130700
20100100
20120200
20211000
20240100
20150700
20141100
20170500
20201200
20081000
20121100
20160700
20100600
20140700
20191200
20180901
20180500
20091000
20200200
20131000
20260200
20170800
20110700
20220200
20150800
20090700
20230600
20210400
20170600
20110300
20181200
20121000
20210200
20160800
20100700
20190300
20130100
20230200
20221000
20140800
20100500
20240700
20220700
20160400
20100200
20180400
20171200
20140500
20180600
20240600
20190700
20250800
20231100
20090600
20230500
20230901
20161200
20250400
20090901
20130901
20101100
20210600
20210500
20120800
20201000
20250100
20130200
20230100
20250901
20220901
20220500
20131100
20220600
20120901
20111100
20200700
20120600
20120500
20240500
20151200
20251100
20240200
20171000
20151000
20180100
20211100
20081100
20090300
20141200
20130600
20190600
20130300
20210901
20150901
20101000
20110400
20230400
20110901
20180800
20150200
20141000
20250200
20170100
20161000
20110100
20150100
20120700
20100901
20131200
20240400
20111000
20200901
20140600
20200600
20140901
20091100
20151100
20190800
20240300
20210800
20120100
20150300
20110500
20230700
20130500
20170400
20090500
20150500
20090200
20241200
20250300
20200800
20181000
20241100
20140300
20220400
20111200
20260500
20200400
20130800
20220100
20160100
20090800
20201100
20081200
20170901
20250500
20121200
20221100
20190200
20160901
20191100
20120300
20180300
20200300
20110600
20230800
20090400
20130400
20250600
20190400
20190901
20190500
20150600
20210300
20240800
20100800
20220800
20190100
20170200
20090100
20241000
20210100
20160500
20251200
20160600
20171100
20200500
20231200
20260400
20211200
20200100
20110800
20170700
20240901
20160200
20220300
20180200
20231000
20260300
20150400
20250700
20101200
20161100
20221200
20210700
20170300
20181100
20110200
20230300
20180700
20100300
20100400
20160300
20120400
20140400
20091200
highvalue
20260601
20260501
20260401
20260301
20260201
20260101
20251201
20251101
20251001
20250902
20250901
20250801
20250701
20250601
20250501
20250401
20250301
20250201
20250101
20241201
20241101
20241001
20240902
20240901
20240801
20240701
20240601
20240501
20240401
20240301
20240201
20240101
20231201
20231101
20231001
20230902
20230901
20230801
20230701
20230601
20230501
20230401
20230301
20230201
20230101
20221201
20221101
20221001
20220902
20220901
20220801
20220701
20220601
20220501
20220401
20220301
20220201
20220101
20211201
20211101
20211001
20210902
20210901
20210801
20210701
20210601
20210501
20210401
20210301
20210201
20210101
20201201
20201101
20201001
20200902
20200901
20200801
20200701
20200601
20200501
20200401
20200301
20200201
20200101
20191201
20191101
20191001
20190902
20190901
20190801
20190701
20190601
20190501
20190401
20190301
20190201
20190101
20181201
20181101
20181001
20180902
20180901
20180801
20180701
20180601
20180501
20180401
20180301
20180201
20180101
20171201
20171101
20171001
20170902
20170901
20170801
20170701
20170601
20170501
20170401
20170301
20170201
20170101
20161201
20161101
20161001
20160902
20160901
20160801
20160701
20160601
20160501
20160401
20160301
20160201
20160101
20151201
20151101
20151001
20150902
20150901
20150801
20150701
20150601
20150501
20150401
20150301
20150201
20150101
20141201
20141101
20141001
20140902
20140901
20140801
20140701
20140601
20140501
20140401
20140301
20140201
20140101
20131201
20131101
20131001
20130902
20130901
20130801
20130701
20130601
20130501
20130401
20130301
20130201
20130101
20121201
20121101
20121001
20120902
20120901
20120801
20120701
20120601
20120501
20120401
20120301
20120201
20120101
20111201
20111101
20111001
20110902
20110901
20110801
20110701
20110601
20110501
20110401
20110301
20110201
20110101
20101201
20101101
20101001
20100902
20100901
20100801
20100701
20100601
20100501
20100401
20100301
20100201
20100101
20091201
20091101
20091001
20090902
20090901
20090801
20090701
20090601
20090501
20090401
20090301
20090201
20090101
20081201
20081101
20081001
20080902
20080901
20080900
