HIGH_VALUE	MON_ID  HIGH_VALUE
19990100
19990107
19990207
19990307
19990407
19990507
19990607
19990707
19990807
19990907
19991007
19991107
19991207
19991213
19991219
20000107
20000207
20000307
20000407
20000507
20000607
20000707
20000807
20000907
20001007
20001107
20001207
20001213
20001219
20010107
20010207
20010307
20010407
20010507
20010607
20010707
20010807
20010907
20011007
20011107
20011207
20011213
20011219
20020107
20020207
20020307
20020407
20020507
20020607
20020707
20020807
20020907
20021007
20021107
20021207
20021213
20021219
20030107
20030207
20030307
20030407
20030507
20030607
20030707
20030807
20030907
20031007
20031107
20031207
20031213
20031219
20040107
20040207
20040307
20040407
20040507
20040607
20040707
20040807
20040907
20041007
20041107
20041207
20041213
20041219
20050107
20050207
20050307
20050407
20050507
20050607
20050707
20050807
20050907
20051007
20051107
20051207
20051213
20051219
20060107
20060207
20060307
20060407
20060507
20060607
20060707
20060807
20060907
20061007
20061107
20061207
20061213
20061219
20070107
20070207
20070307
20070407
20070507
20070607
20070707
20070807
20070907
20071007
20071107
20071207
20071213
20071219
20080107
20080207
20080307
20080407
20080507
20080607
20080707
20080807
20080907
20081007
20081107
20081207
20081213
20081219
20090107
20090207
20090307
20090407
20090507
20090607
20090707
20090807
20090907
20091007
20091107
20091207
20091213
20091219
20100107
20100207
20100307
20100407
20100507
20100607
20100707
20100807
20100907
20101007
20101107
20101207
20101213
20101219
20110107
20110207
20110307
20110407
20110507
20110607
20110707
20110807
20110907
20111007
20111107
20111207
20111213
20111219
20120107
20120207
20120307
20120407
20120507
20120607
20120707
20120807
20120907
20121007
20121107
20121207
20121213
20121219
20130107
20130207
20130307
20130407
20130507
20130607
20130707
20130807
20130907
20131007
20131107
20131207
20131213
20131219
20140107
20140207
20140307
20140407
20140507
20140607
20140707
20140807
20140907
20141007
20141107
20141207
20141213
20141219
20150103
20150104
20150107
20150203
20150204
20150207
20150303
20150304
20150307
20150403
20150404
20150407
20150503
20150504
20150507
20150603
20150604
20150607
20150703
20150704
20150707
20150803
20150804
20150807
20150903
20150904
20150907
20151003
20151004
20151007
20151103
20151104
20151107
20151203
20151204
20151207
20151213
20151219
20160103
20160104
20160107
20160203
20160204
20160207
20160303
20160304
20160307
20160403
20160404
20160407
20160503
20160504
20160507
20160603
20160604
20160607
20160703
20160704
20160707
20160803
20160804
20160807
20160903
20160904
20160907
20161003
20161004
20161007
20161103
20161104
20161107
20161203
20161204
20161207
20161213
20161219
20170103
20170104
20170107
20170203
20170204
20170207
20170303
20170304
20170307
20170403
20170404
20170407
20170503
20170504
20170507
20170603
20170604
20170607
20170703
20170704
20170707
20170803
20170804
20170807
20170903
20170904
20170907
20171003
20171004
20171007
20171103
20171104
20171107
20171203
20171204
20171207
20171213
20171219
20180103
20180104
20180107
20180203
20180204
20180207
20180303
20180304
20180307
20180403
20180404
20180407
20180503
20180504
20180507
20180603
20180604
20180607
20180703
20180704
20180707
20180803
20180804
20180807
20180903
20180904
20180907
20181003
20181004
20181007
20181103
20181104
20181107
20181203
20181204
20181207
20181213
20181219
20190103
20190104
20190107
20190203
20190204
20190207
20190303
20190304
20190307
20190403
20190404
20190407
20190503
20190504
20190507
20190603
20190604
20190607
20190703
20190704
20190707
20190803
20190804
20190807
20190903
20190904
20190907
20191003
20191004
20191007
20191103
20191104
20191107
20191203
20191204
20191207
20191213
20191219
20200103
20200104
20200107
20200203
20200204
20200207
20200303
20200304
20200307
20200403
20200404
20200407
20200503
20200504
20200507
20200603
20200604
20200607
20200703
20200704
20200707
20200803
20200804
20200807
20200903
20200904
20200907
20201003
20201004
20201007
20201103
20201104
20201107
20201203
20201204
20201207
20201213
20201219
20210103
20210104
20210107
20210203
20210204
20210207
20210303
20210304
20210307
20210403
20210404
20210407
20210503
20210504
20210507
20210603
20210604
20210607
20210703
20210704
20210707
20210803
20210804
20210807
20210903
20210904
20210907
20211003
20211004
20211007
20211103
20211104
20211107
20211203
20211204
20211207
20211213
20211219
20220103
20220104
20220107
20220203
20220204
20220207
20220303
20220304
20220307
20220403
20220404
20220407
20220503
20220504
20220507
20220603
20220604
20220607
20220703
20220704
20220707
20220803
20220804
20220807
20220903
20220904
20220907
20221003
20221004
20221007
20221103
20221104
20221107
20221203
20221204
20221207
20221213
20221219
20230103
20230104
20230107
20230203
20230204
20230207
20230303
20230304
20230307
20230403
20230404
20230407
20230503
20230504
20230507
20230603
20230604
20230607
20230703
20230704
20230707
20230803
20230804
20230807
20230903
20230904
20230907
20231003
20231004
20231007
20231103
20231104
20231107
20231203
20231204
20231207
20231213
20231219
20240103
20240104
20240107
20240203
20240204
20240207
20240303
20240304
20240307
20240403
20240404
20240407
20240503
20240504
20240507
20240603
20240604
20240607
20240703
20240704
20240707
20240803
20240804
20240807
20240903
20240904
20240907
20241003
20241004
20241007
20241103
20241104
20241107
20241203
20241204
20241207
20241213
20250103
20250104
20250107
20250203
20250204
20250207
20250303
20250304
20250307
20250403
20250404
20250407
20250503
20250504
20250507
20250603
20250604
20250607
20250703
20250704
20250707
20250803
20250804
20250807
20250903
20250904
20250907
20251003
20251004
20251007
20251103
20251104
20251107
20251203
20251204
20260103
20260104
20260203
20260204
20260303 vs MOW_ID
19990106
19990206
19990306
19990406
19990506
19990606
19990706
19990806
19990906
19991006
19991106
19991206
19991212
19991218
20000106
20000206
20000306
20000406
20000506
20000606
20000706
20000806
20000906
20001006
20001106
20001206
20001212
20001218
20010106
20010206
20010306
20010406
20010506
20010606
20010706
20010806
20010906
20011006
20011106
20011206
20011212
20011218
20020106
20020206
20020306
20020406
20020506
20020606
20020706
20020806
20020906
20021006
20021106
20021206
20021212
20021218
20030106
20030206
20030306
20030406
20030506
20030606
20030706
20030806
20030906
20031006
20031106
20031206
20031212
20031218
20040106
20040206
20040306
20040406
20040506
20040606
20040706
20040806
20040906
20041006
20041106
20041206
20041212
20041218
20050106
20050206
20050306
20050406
20050506
20050606
20050706
20050806
20050906
20051006
20051106
20051206
20051212
20051218
20060106
20060206
20060306
20060406
20060506
20060606
20060706
20060806
20060906
20061006
20061106
20061206
20061212
20061218
20070106
20070206
20070306
20070406
20070506
20070606
20070706
20070806
20070906
20071006
20071106
20071206
20071212
20071218
20080106
20080206
20080306
20080406
20080506
20080606
20080706
20080806
20080906
20081006
20081106
20081206
20081212
20081218
20090106
20090206
20090306
20090406
20090506
20090606
20090706
20090806
20090906
20091006
20091106
20091206
20091212
20091218
20100106
20100206
20100306
20100406
20100506
20100606
20100706
20100806
20100906
20101006
20101106
20101206
20101212
20101218
20110106
20110206
20110306
20110406
20110506
20110606
20110706
20110806
20110906
20111006
20111106
20111206
20111212
20111218
20120106
20120206
20120306
20120406
20120506
20120606
20120706
20120806
20120906
20121006
20121106
20121206
20121212
20121218
20130106
20130206
20130306
20130406
20130506
20130606
20130706
20130806
20130906
20131006
20131106
20131206
20131212
20131218
20140106
20140206
20140306
20140406
20140506
20140606
20140706
20140806
20140906
20141006
20141106
20141206
20141212
20141218
20150102
20150103
20150106
20150202
20150203
20150206
20150302
20150303
20150306
20150402
20150403
20150406
20150502
20150503
20150506
20150602
20150603
20150606
20150702
20150703
20150706
20150802
20150803
20150806
20150902
20150903
20150906
20151002
20151003
20151006
20151102
20151103
20151106
20151202
20151203
20151206
20151212
20151218
20160102
20160103
20160106
20160202
20160203
20160206
20160302
20160303
20160306
20160402
20160403
20160406
20160502
20160503
20160506
20160602
20160603
20160606
20160702
20160703
20160706
20160802
20160803
20160806
20160902
20160903
20160906
20161002
20161003
20161006
20161102
20161103
20161106
20161202
20161203
20161206
20161212
20161218
20170102
20170103
20170106
20170202
20170203
20170206
20170302
20170303
20170306
20170402
20170403
20170406
20170502
20170503
20170506
20170602
20170603
20170606
20170702
20170703
20170706
20170802
20170803
20170806
20170902
20170903
20170906
20171002
20171003
20171006
20171102
20171103
20171106
20171202
20171203
20171206
20171212
20171218
20180102
20180103
20180106
20180202
20180203
20180206
20180302
20180303
20180306
20180402
20180403
20180406
20180502
20180503
20180506
20180602
20180603
20180606
20180702
20180703
20180706
20180802
20180803
20180806
20180902
20180903
20180906
20181002
20181003
20181006
20181102
20181103
20181106
20181202
20181203
20181206
20181212
20181218
20190102
20190103
20190106
20190202
20190203
20190206
20190302
20190303
20190306
20190402
20190403
20190406
20190502
20190503
20190506
20190602
20190603
20190606
20190702
20190703
20190706
20190802
20190803
20190806
20190902
20190903
20190906
20191002
20191003
20191006
20191102
20191103
20191106
20191202
20191203
20191206
20191212
20191218
20200102
20200103
20200106
20200202
20200203
20200206
20200302
20200303
20200306
20200402
20200403
20200406
20200502
20200503
20200506
20200602
20200603
20200606
20200702
20200703
20200706
20200802
20200803
20200806
20200902
20200903
20200906
20201002
20201003
20201006
20201102
20201103
20201106
20201202
20201203
20201206
20201212
20201218
20210102
20210103
20210106
20210202
20210203
20210206
20210302
20210303
20210306
20210402
20210403
20210406
20210502
20210503
20210506
20210602
20210603
20210606
20210702
20210703
20210706
20210802
20210803
20210806
20210902
20210903
20210906
20211002
20211003
20211006
20211102
20211103
20211106
20211202
20211203
20211206
20211212
20211218
20220102
20220103
20220106
20220202
20220203
20220206
20220302
20220303
20220306
20220402
20220403
20220406
20220502
20220503
20220506
20220602
20220603
20220606
20220702
20220703
20220706
20220802
20220803
20220806
20220902
20220903
20220906
20221002
20221003
20221006
20221102
20221103
20221106
20221202
20221203
20221206
20221212
20221218
20230102
20230103
20230106
20230202
20230203
20230206
20230302
20230303
20230306
20230402
20230403
20230406
20230502
20230503
20230506
20230602
20230603
20230606
20230702
20230703
20230706
20230802
20230803
20230806
20230902
20230903
20230906
20231002
20231003
20231006
20231102
20231103
20231106
20231202
20231203
20231206
20231212
20231218
20240102
20240103
20240106
20240202
20240203
20240206
20240302
20240303
20240306
20240402
20240403
20240406
20240502
20240503
20240506
20240602
20240603
20240606
20240702
20240703
20240706
20240802
20240803
20240806
20240902
20240903
20240906
20241002
20241003
20241006
20241102
20241103
20241106
20241202
20241203
20241206
20241212
20250102
20250103
20250106
20250202
20250203
20250206
20250302
20250303
20250306
20250402
20250403
20250406
20250502
20250503
20250506
20250602
20250603
20250606
20250702
20250703
20250706
20250802
20250803
20250806
20250902
20250903
20250906
20251002
20251003
20251006
20251102
20251103
20251106
20251202
20251203
20260102
20260103
20260202
20260203
20260302
200705	200705
200706	200706
200707	200707
200708	200708
200709	200709
200710	200710
200711	200711
200712	200712
200713	200801
200802	200802
200803	200803
200804	200804
200805	200805
200806	200806
200807	200807
200808	200808
200809	200809
200810	200810
200811	200811
200812	200812
200813	200901
200902	200902
200903	200903
200904	200904
200905	200905
200906	200906
200907	200907
200908	200908
200909	200909
200910	200910
200911	200911
200912	200912
200913	201001
201002	201002
201003	201003
201004	201004
201005	201005
201006	201006
201007	201007
201008	201008
201009	201009
201010	201010
201011	201011
201012	201012
201013	201101
201102	201102
201103	201103
201104	201104
201105	201105
201106	201106
201107	201107
201108	201108
201109	201109
201110	201110
201111	201111
201112	201112
201113	201201
201202	201202
201203	201203
201204	201204
201205	201205
201206	201206
201207	201207
201208	201208
201209	201209
201210	201210
201211	201211
201212	201212
201213	201301
201302	201302
201303	201303
201304	201304
201305	201305
201306	201306
201307	201307
201308	201308
201309	201309
201310	201310
201311	201311
201312	201312
201313	201401
201402	201402
201403	201403
201404	201404
201405	201405
201406	201406
201407	201407
201408	201408
201409	201409
201410	201410
201411	201411
201412	201412
201413	201501
201502	201502
201503	201503
201504	201504
201505	201505
201506	201506
201507	201507
201508	201508
201509	201509
201510	201510
201511	201511
201512	201512
201513	201601
201602	201602
201603	201603
201604	201604
201605	201605
201606	201606
201607	201607
201608	201608
201609	201609
201610	201610
201611	201611
201612	201612
201613	201701
201702	201702
201703	201703
201704	201704
201705	201705
201706	201706
201707	201707
201708	201708
201709	201709
201710	201710
201711	201711
201712	201712
201713	201801
201802	201802
201803	201803
201804	201804
201805	201805
201806	201806
201807	201807
201808	201808
201809	201809
201810	201810
201811	201811
201812	201812
201901	201901
201902	201902
201903	201903
201904	201904
201905	201905
201906	201906
201907	201907
201908	201908
201909	201909
201910	201910
201911	201911
201912	201912
202001	202001
202002	202002
202003	202003
202004	202004
202005	202005
202006	202006
202007	202007
202008	202008
202009	202009
202010	202010
202011	202011
202012	202012
202101	202101
202102	202102
202103	202103
202104	202104
202105	202105
202106	202106
202107	202107
202108	202108
202109	202109
202110	202110
202111	202111
202112	202112
202201	202201
202202	202202
202203	202203
202204	202204
202205	202205
202206	202206
202207	202207
202208	202208
202209	202209
202210	202210
202211	202211
202212	202212
202301	202301
202302	202302
202303	202303
202304	202304
202305	202305
202306	202306
202307	202307
202308	202308
202309	202309
202310	202310
202311	202311
202312	202312
202401	202401
202402	202402
202403	202403
202404	202404
202405	202405
202406	202406
202407	202407
202408	202408
202409	202409
202410	202410
202411	202411
202412	202412
202501	202501
202502	202502
202503	202503
202504	202504
202505	202505
202506	202506
202507	202507
202508	202508
202509	202509
202510	202510
202511	202511
202512	202512
202601	202601
202602	202602
202603	202603
202604	202604
202605	202605
202606	
